6.1 6.8891700401580325 7.575146786268491 7.9
5.7 5.781466315752093 7.46047783790177 7.386877757222142
7.2 6.42681869310776 6.811212802442838 7.067799470767126
6.8 6.200140696447415 6.256428571428572 6.679612717159925
7.3 7.90431342473953 8.0 8.0
5.7 7.6450587391265366 7.583657587548638 7.583657587548638
8.6 6.633327854301486 7.655888396730444 8.40541192692175
7.5 8.257623484511562 8.37230798268912 8.4
6.7 8.11785536507325 7.088841357308585 7.96495479617481
5.5 7.513982549562866 7.183909574468085 7.183909574468085
5.8 6.442399156310092 6.794261412353808 7.0570652074561115
7.6 8.228280053565909 6.6 6.569112988384371
7.0 6.815214951750271 7.1 7.098750247966674
6.3 8.040554724015138 7.159118251173708 7.753638149371003
5.0 7.524464493343229 7.1766511263339225 7.4
6.9 7.148183162645118 7.350107384767883 7.9
6.6 7.040113863671335 8.011873905429072 8.125589181382525
7.0 6.807617096018735 7.3 7.3
6.1 8.212303678775628 5.9 5.8
6.3 6.602620880062203 6.727753164556963 7.8999999999999995
8.7 7.470968012790579 8.154821232862547 8.154821232862547
7.8 7.554503382852573 7.491097626403715 7.4289653368974635
8.2 7.98474935065985 7.101765701133989 7.513489718662901
5.2 6.034155394345422 6.8479469456243605 8.232157959112355
7.5 7.803888832249593 7.729238174968605 7.612217573221757
7.2 7.774462365591398 7.2168170631665305 6.9715686274509805
5.8 6.800000000000001 8.335726365212675 8.335726365212675
9.4 7.9399212963710895 8.267685187835761 7.420068027210885
6.3 7.660569397420387 6.599999999999999 6.599999999999999
8.6 6.871827750893008 7.8732829525483305 8.540277190012695
6.4 7.906532122592589 7.4 7.4
9.1 8.661706197398622 8.519089679318851 8.581501251042535
3.3 7.829653613758808 3.6 4.032659704326597
7.8 7.005270588637958 7.4 6.4
8.9 8.7 8.618050158954434 8.7
8.3 7.788586048461799 8.795599798237546 8.768181255887868
7.9 7.983328999402387 7.915657954890828 7.915657954890828
6.2 7.460769858606676 6.9306437092054916 7.3
6.1 6.919302127170083 6.901575020237691 6.901575020237691
7.6 7.634463849331138 7.80824188357978 7.56972482500021
5.8 6.0574084413936875 6.864955958360632 6.864955958360632
4.8 6.378965319028325 5.940102693234744 6.287481079570595
4.7 5.959090528110402 5.817832881850386 7.418216640406297
5.6 7.152587077685886 7.132213051712487 6.652246779377159
5.1 5.545590349270166 5.566679266339075 5.832183749601537
4.9 6.653143694399617 6.015382631865456 6.050039291015455
6.2 6.801076208166941 6.918277577527982 6.711480272916048
7.7 7.81475182670831 6.104572544184135 7.841866327032177
6.2 7.4930893989120175 7.5 7.5
3.6 7.207816898837606 6.654299326714596 5.426007326007326
7.7 8.10263719853572 8.147433796256362 7.656331229112513
6.9 7.044402689873418 8.315069926743412 8.6
7.0 7.039694873881205 7.8 6.476245487364621
7.1 7.253470863504487 7.9481584551502324 7.868447419251547
5.2 6.284342613792472 7.690190197254666 7.384518840332794
6.0 7.606261202139365 6.8 6.8
8.1 7.335372614239328 7.166523939275983 7.599999999999999
6.7 7.000887291949535 6.352024010171797 7.107069072752341
7.3 7.067620246395959 6.569559739892563 6.0746935331318035
7.8 7.369527053256532 6.1 8.5
7.3 7.534058328383964 8.688362578864353 8.688362578864353
5.2 6.182310136501071 6.257046471600689 6.200000000000001
7.7 7.903117982183919 8.38040770717096 8.458571643136077
6.2 6.359456195527166 6.062548427225875 5.813309425536233
5.4 6.510595006270445 5.6 6.0
7.3 7.4946831085945345 6.480103778816447 7.04
7.7 7.300580672153682 6.359839570849932 7.842033497018589
8.7 7.614848355578438 8.603218703512919 8.689267091202442
5.3 8.171471371831124 7.852123830093592 7.231364773639239
6.3 8.459826254210341 7.291925465838509 7.330210772833723
6.7 7.3520819275504135 7.585509838998211 7.5279136104319475
6.6 7.511907471400625 8.2 8.2
7.1 7.772526498869798 7.925557782525384 8.085420378139187
7.6 7.6623087557599945 8.299322980765965 8.391356817925486
8.6 7.711734660609881 7.9 7.9
7.6 5.36437165702285 5.4 5.4
7.6 6.723570518452327 6.8 6.8
5.0 4.6 6.4 6.4
7.2 7.337082599407203 6.4 8.5
7.0 6.826178551261451 7.739036814774056 6.8
5.5 8.019563877143115 7.38962962962963 6.078773784355179
6.1 7.470429787207355 7.792153046555347 7.911633693165857
6.9 7.600980731910175 6.940508463688048 8.388480657013183
4.5 5.326534911058841 6.965617835544725 5.945624818093101
6.2 6.9772128506952065 8.139942912706628 7.709320887445887
7.8 7.786920362064211 8.325106398070648 8.301795970597864
7.8 7.41531200615296 8.376668269487633 7.988408381631742
8.9 8.610493778547802 8.7 8.7
7.6 7.458601543691882 9.3 9.3
6.6 7.356297296078237 7.8 8.428344607290493
9.1 8.06114500405022 8.849494834363016 8.888806572233785
7.4 7.3229186948037075 8.54208981987122 8.491498801031053
8.4 8.488833373230571 8.574859076119619 8.574859076119619
9.0 8.837177444078826 8.825191155975743 8.471249198057007
8.9 7.850250403819196 7.610093245394588 7.1
8.9 8.796189394373208 8.807456695688497 8.878887317729053
7.7 7.445788442703233 8.56104054714216 8.481471963519729
7.8 7.149642485751827 8.40642809900094 8.359119268597674
6.6 8.218526280460967 8.359883457320862 8.7
8.2 8.300177941571896 8.421144529473413 8.421144529473413
8.7 8.491910476545602 8.541237388476612 8.679563466542659
7.9 7.595020345721013 7.798367839986516 7.88598782268507
8.7 7.5 7.5 7.5
7.1 7.844440994610132 7.977279163989668 6.4
7.9 7.808118044734419 7.7449202475239725 7.353377312491037
7.3 7.598352154874394 8.067270126503061 8.077509101532653
6.6 7.864225514413817 7.6 7.4
7.8 8.215182509826683 8.183529744508343 6.599999999999999
7.5 7.167767810475029 7.68197738244825 8.8
7.0 8.088927261183702 6.9 7.2
8.3 8.349820347032612 8.568723622442935 8.568723622442935
8.0 7.480867862193458 8.099477792322023 8.517644332735413
7.6 7.752993492407809 8.319567154678548 8.2
7.7 8.24013458421337 7.656286500313722 7.68026916842674
7.7 7.3085605639806595 7.1 7.1
5.8 7.425524730609604 5.911723989912539 8.15154808658325
6.7 7.012395243013874 7.319043625428774 6.823236207661589
6.9 7.333781589033977 7.20985548448235 7.9
9.0 7.789221687800612 7.760601992956746 8.2
7.4 7.792283725448899 8.6 7.880059523809523
8.1 8.595850237423138 8.351693269813204 8.589939342493855
6.5 6.987864976647203 6.7 7.200000000000001
8.2 8.08516518845875 8.405867020005648 7.69520968590981
6.7 6.915006983056207 7.1 7.149089353379783
6.1 6.60323108384458 6.0 4.9
8.6 8.120140387874983 7.0498945941078635 7.119527215527987
6.5 7.498118431199574 7.902454790933638 8.7
6.8 7.494441387684521 6.7365816678153 6.282222222222223
7.7 7.15 8.103458225249344 8.0
7.7 7.349389504675559 8.889862713839284 7.697056349873843
7.8 8.783501356219716 8.0 8.083840119687842
6.5 7.35 7.4 7.4
6.6 6.443057594519976 7.568094246720201 6.698135029637126
7.9 7.909289631399677 7.515292507697572 7.515292507697572
7.3 7.8161812072176815 6.9 8.096584686600306
7.3 6.962915323193904 6.299481947809175 6.72099972122021
6.5 7.8619853053511815 8.720619526086724 8.37104869631902
6.1 7.371291194859534 6.870925676376076 6.75206030720399
7.4 7.672335788798099 7.614244324822625 7.614244324822625
8.4 7.860217443933957 9.16235613944885 7.740083631361761
6.3 7.103224874057853 7.753846153846154 8.322070452911575
5.8 7.356768397112198 7.971969635463182 8.159017229818373
5.7 6.741479786289571 6.520088146601716 6.759872592415361
7.6 8.004693708219271 8.272219142850808 7.299999999999999
6.6 7.839551876662689 7.432834237524843 7.437101148781171
8.9 7.135990108178721 6.0122769674644125 5.802985418265542
8.4 8.009496954658244 8.021678080220983 8.021678080220983
6.5 6.174063034798426 6.741476352671841 6.7123871508347825
7.8 8.051938907314172 7.900000000000001 7.900000000000001
6.5 6.582674770471276 6.400430802369414 8.036743722350304
7.1 7.235372931753877 5.1 6.3
7.0 7.954421954103092 7.1179760937681325 7.6
6.3 7.314599999507525 6.790725331184205 6.640410773060271
5.3 6.8768606757819235 6.099776728686475 6.76583380842608
6.3 7.715004930646728 5.9 6.424673060156931
7.4 7.231293463143254 7.860433244916005 7.08054054054054
6.6 6.89773446601348 7.391258602958627 7.231241040740762
6.7 6.949089554933732 8.129748371091303 7.5
7.5 7.566231292642016 7.924598623853211 8.0
8.0 7.972489628651522 8.551467778222948 8.551467778222948
6.7 6.927031738244169 7.222947496452464 7.900000000000001
7.4 8.658099818984747 8.166757434764895 8.2
8.5 7.883935693226757 9.0 9.0
6.8 7.772305264370768 7.398816837315131 6.4
6.7 8.377728281719758 8.8 8.417374342403404
8.3 7.712279950659358 8.197281659388645 8.0
8.1 7.637248970965791 8.5100954973156 7.734162320315482
6.7 7.041521119319093 7.642038853145106 7.8
8.0 7.953015678675324 8.539267387380079 7.4
8.0 7.3850266284609285 8.3 8.3
6.4 6.429826852305718 6.636808021725507 7.3
7.6 7.985849773362366 8.4 7.8
7.8 7.954968233900466 6.493030418044787 6.5
7.3 7.247117172877461 6.9 8.066031879064425
8.5 7.683592645345166 8.632814266983 8.416164753544901
6.6 6.7002126026102875 6.5 6.339687480082432
7.8 7.210389625769777 8.31307155651928 8.722782600394146
7.4 7.2550545801510715 6.6 7.882757090012332
6.7 7.100232073894205 7.948529790280774 7.479210807658665
7.8 7.641275000234781 6.662336070821063 6.081176470588235
6.2 6.488073837534401 6.21441531085639 7.42044316570467
7.4 7.502875931930959 7.792774637503072 7.763628752541561
7.5 8.262666046305936 7.910031109302601 7.2
7.1 7.5197358926251985 7.623198332340678 7.274899713467048
8.0 7.075331761176523 7.7554320026687416 7.7336645824028585
8.2 7.536990950226245 8.1 8.1
8.5 8.14825739012893 7.200000000000001 7.9
8.3 8.637311112624847 8.8 8.76929460580913
5.9 6.483307764777189 6.647856843910456 6.664348086270487
8.3 7.604605272001108 7.6084552845528455 7.119104879142379
8.5 8.5 9.0 9.0
7.9 7.15489929082722 7.736678438529545 6.643469591226321
6.3 6.248494608185798 6.900430288342648 7.6912624812933945
7.9 7.77810934039325 7.207007244857549 7.6
7.5 8.018601935877427 6.879064124783362 6.879064124783362
6.9 7.243982628518022 7.315327135285429 8.044758053929163
7.4 8.275248262640657 7.602076456820501 7.661450107681264
6.6 6.87799314519435 6.459662894184131 6.9
7.1 7.89066722274228 7.3 7.3
7.7 8.019976179970495 7.073524305555556 6.774805598755831
8.7 7.387889591366406 7.575742663405595 5.795304842134841
7.2 8.181603337253328 8.4 7.762407085626025
7.5 7.088012590258254 8.3 8.248325219954447
7.2 7.694898190426386 8.1 7.1684360649191365
6.7 6.283867104093419 6.817551504277338 6.780797639123103
6.8 8.181954707317978 8.439138124152565 7.7715166765344375
8.7 8.627851670229166 8.80482337821201 6.6
7.6 7.620270246887537 8.4 8.4
6.4 7.825181118604336 7.848607518265675 8.2
8.5 7.909245141784605 8.7 7.749540636042403
7.1 6.964699626962044 7.5 7.799999999999999
5.8 6.809940785128473 7.376292482875965 6.695807309182922
4.6 6.727342132788786 7.162916281729796 5.949608199420817
6.4 6.8 6.7 7.2
4.9 5.686790402897239 6.347118245888802 5.7
6.3 7.642813351498638 8.8553091845097 8.8553091845097
8.9 7.3258311004298005 7.602959005124359 6.099190762387014
8.1 8.110454401304589 7.704840632700104 8.0
8.3 7.75 7.8425736916458995 7.893925005895763
7.3 6.717692089594556 7.357408612255717 7.357408612255717
7.3 7.530365202065166 7.183833495480663 6.762759550088084
6.3 7.145942571342804 6.6577678154879045 6.741414277814217
7.2 6.171247613239612 6.9317847655009945 6.4
6.4 7.057696698634159 7.579044990072159 7.937302763874415
6.6 6.93440232635764 7.109476405634619 6.251502767575397
7.1 8.308935404342195 7.8 9.059242603283082
7.5 7.0003018619045205 7.1 8.433948590140588
7.4 8.017382194879167 7.0765965583174 7.966520620247721
7.3 7.592509992618541 7.649432424565829 7.649432424565829
7.0 7.7892811566848295 7.5 8.00884518541126
6.9 6.598841280357057 6.783066524368553 6.88362319606703
6.6 6.667645354452385 8.116848439262881 7.838995493899043
5.2 6.985047721276164 6.350100255367445 5.855337879488364
6.2 6.673436839909838 7.046392585349263 6.252352048558421
6.7 7.531165670497556 6.752830188679244 6.3
8.2 6.316500077523311 8.640304073906723 8.99368434948234
6.6 7.450846731673948 6.6 7.200000000000001
7.9 7.452892648933668 7.4 7.4
8.0 7.85 7.6892430278884465 7.6
8.7 7.466691162081722 8.671518987341774 8.81901211556384
7.0 7.738970432680199 8.445913537966806 7.607565380546825
8.0 8.062934021037371 8.337667635273089 8.200407070310915
7.5 7.829374399577283 7.441934306569344 7.1
7.2 7.9389217622478965 7.709327507995903 6.3
7.3 7.3519395027687064 7.3 7.814663270179906
7.3 7.736710525954523 6.993736795236681 6.8307962529274
7.8 8.160121295346833 8.578828192885652 8.771940066122955
6.5 7.489704919348295 7.99345015668227 8.1
5.7 6.28205494612866 7.486990483031065 6.3144460641399425
6.0 6.46221300626489 6.627071696841294 5.930737300305151
7.8 9.090490627815647 8.655604793079014 8.538470474857753
5.5 6.454296961997235 7.5999567879765175 6.657892638851979
5.6 7.352794173311446 6.713792117799913 6.727456132363845
6.0 7.35327603684247 8.218278534031414 7.579458308522348
6.8 6.92015735066934 8.41034713832679 7.850471981832689
9.0 6.337343839198427 6.0616215974312215 7.299999999999999
7.4 7.246206117751759 8.08705215269994 7.310889110889112
8.3 8.2074507183428 8.0149014366856 8.4
6.5 7.05508579071868 6.9095687208131125 6.3994810971089695
6.5 6.096518953231104 6.406907354262054 6.037591103567148
5.7 6.721424266151367 6.337401364183496 7.294272474513438
7.3 7.798497604572326 7.489431050000957 7.647899064835409
5.6 7.1727321239976245 6.14887657966655 6.081230131419396
6.6 6.444592611692258 6.7057058692477165 6.686333695076092
6.2 6.3 7.2352904711300035 7.062469179917812
6.3 6.616391754893006 7.604297457707811 8.001704225183197
6.5 6.473658385513732 6.7 7.6
7.0 7.271803127874884 6.44010436079016 6.443298969072166
7.7 8.09438659736492 8.224308169138808 8.224308169138808
7.1 7.153748125937032 7.488498056458294 7.488498056458294
5.8 6.429673339739826 5.7 5.618330981433829
7.1 7.59923363054987 7.383933411506891 6.3
7.1 7.628803314080562 7.8 7.8
5.8 6.691592813649244 7.152006413122235 6.9521174160979715
6.9 7.842179577044789 6.696082697705268 6.477907353611985
6.0 6.4 5.7 7.6
7.9 8.396594219733826 8.197411553686294 8.2
7.8 6.8 8.679563466542659 7.0
6.2 7.727500008155401 6.5 7.6000563312758445
5.9 6.3220575009160624 7.923518491613799 6.544889846284235
6.2 6.573841552042385 7.822906006107906 7.405820076181941
6.4 7.269866303526287 6.6641849984020105 6.668898490029245
7.7 6.305865347004826 8.014079149156526 7.0001229134451455
6.7 8.0 7.626043513663656 7.799021906734428
7.9 6.98061459112818 7.727124339894384 7.749589595470048
8.0 7.973752824957668 7.67211093915292 7.9
6.7 7.538264064855186 6.5 7.147851647797896
6.0 6.178263665931125 6.947889374090247 7.36568088365718
7.4 6.4746678823749315 6.729418286161472 7.2831774221909615
6.1 6.4958796078525936 6.487974765868887 7.175021090125134
8.8 8.379507974893915 8.970397452291158 8.908569434684864
5.3 5.9746862581938185 7.058678910376615 7.387553960129619
5.9 6.4028643992708485 6.951377229448839 6.951377229448839
6.8 7.1545982518983635 7.549379812724952 8.4
6.7 7.107612425765431 6.911288534362356 7.305302393203814
6.7 7.091356134082014 6.4 6.8
6.4 6.9461963290834365 5.996848118634229 6.164978902953587
6.9 6.934427480916031 6.874164221337247 6.783066524368553
6.5 6.265915667631253 6.732296896739459 5.4897477398321355
6.5 7.669008584879535 6.5 6.5
5.1 6.3010402735241495 6.862799158439876 5.656199305580413
7.4 7.32516266309011 8.129034422740189 8.267551259283177
6.3 7.910721369457891 6.4 6.9874744090824485
7.9 7.164751400740084 7.928669400696144 8.06603189907999
7.5 7.820320821792327 7.9 7.500903885072283
8.1 8.181984956888645 8.691205673758866 8.450883002207506
6.4 7.722864636256283 6.4 6.338333333333333
7.3 7.050855929026615 7.379887275623354 7.379887275623354
7.6 7.797574798549066 7.886355790313969 6.5
6.6 8.294654806326442 7.829759500642556 7.8
8.0 8.388845021857701 7.63308892157668 8.385821712877895
6.6 7.328280096586667 6.400000000000001 6.8
8.1 7.721941136213173 8.105067245926396 6.516743144126893
5.9 7.235826659439697 7.86744382556838 7.782752846146268
8.2 7.195656729710886 8.608190626060662 8.608190626060662
7.9 8.374316976735527 7.651047926404036 7.687235041210597
8.2 8.83861634331204 7.909366226003864 7.991613096944137
6.6 6.893905405405406 6.5 6.5
6.5 6.871457926295223 6.1 6.1
7.4 8.301993494401351 8.2 8.367078884089432
7.7 8.479207595398941 8.5 8.5
6.2 6.448190978243355 7.1000000000000005 7.02897055122074
7.0 7.4961242131252845 7.533544368740766 7.533544368740766
7.9 7.515697387590172 8.029062146892654 5.8915887850467294
8.5 7.3997873857871435 6.599999999999999 8.5
7.0 8.122832203476996 6.4 7.67366504555203
6.4 7.138703520657026 7.6 6.900000000000001
7.6 7.276994182251194 8.495103410998263 6.6
7.9 6.972536576640554 6.7290796678707645 8.38284824218945
7.0 6.145307454855507 6.423175686656916 7.100111750387254
7.5 7.880665635576592 7.816766706682674 7.145697074010326
7.2 7.86141411513008 8.027664534713407 7.596068056007815
6.5 6.662372314792 7.04393113440433 7.0908909060810075
7.2 8.641789236570013 7.712522063700856 8.2
6.6 5.419863883207561 6.9 6.9
6.9 7.550000000000001 7.680292805116795 7.418286111593951
6.8 6.153778730634289 8.102726991013325 8.066977692431331
7.2 8.579739832448915 8.777798864293445 8.707436220298229
5.7 6.354083995058752 6.2 6.2
7.3 6.385074657632351 7.879169039456098 8.248349410927492
5.7 6.67612548469779 7.0300112174664156 6.220054713031983
7.8 8.184232954545454 8.152311974191916 8.3
7.5 7.449999999999999 6.926768377253814 6.926768377253814
8.0 8.427120146930752 8.398623877965859 7.9
6.0 6.615413402514546 6.176370506094299 7.611543679682329
5.8 6.468273965537602 6.543545556923238 6.087464257928931
6.7 8.245965210731047 6.1 7.0
6.3 5.843560833186518 6.590063387749473 6.5975621150987465
6.0 7.215057127555716 6.296761077103619 5.2
8.0 7.096848685889258 6.3 6.380281690140845
6.9 6.977260589169394 8.145640539539341 8.145640539539341
5.8 6.277643124321932 6.566132568421821 6.737450132978723
7.2 6.962325105458798 7.3 7.3
6.3 7.366608542452816 6.561718283422917 5.808798176730751
7.5 7.04175121643501 7.279452368996919 7.519349345552777
5.9 7.312415425867954 7.222846975088967 8.091905238254023
5.2 7.426460028244358 6.9 7.958165063894866
5.8 7.078226875165651 6.1053636441329795 5.957337340071939
7.7 7.332877984084881 7.4 7.4
7.8 8.170934878146225 8.043853211009173 8.043853211009173
7.6 7.237007337828123 8.06847252078182 7.630669675449659
6.9 7.25964309176286 7.271041824919122 7.042915852590447
7.4 7.94909275589824 7.563200923495367 7.365868673887768
8.0 8.302931896775643 8.345274863230852 8.1
5.6 7.222284605816508 7.535035585716059 8.313874615198978
5.7 8.47485743316684 8.038727272727273 8.213539651837525
5.3 6.386163439702177 7.442457578106734 6.468944099378882
6.2 6.390188983284782 7.094737502491014 7.322998650992483
8.5 7.818170128708443 8.7 8.955501740299441
4.7 7.288568219238067 9.333788183895981 6.9
7.6 7.738240892059516 8.527443666719652 8.487834804519611
7.5 7.698656074054451 7.6974200860611655 7.746006216738097
5.6 6.0732262527555285 6.5975621150987465 7.591602311080602
5.9 6.437550530462062 8.179060425584716 8.672785622593068
6.9 7.872395141331769 7.8 6.596924391285775
7.2 7.3584987199211085 7.4 7.4
7.4 7.924005291108484 8.303699652960354 8.113458901327828
5.8 6.71415489638742 5.7488637765170205 5.5095631995632
6.4 7.377290448845905 6.45625248114331 5.7
6.9 7.589396876053135 8.314761932673672 7.522329683796379
7.3 8.257206740594484 7.5 7.5
5.0 6.088193689200899 7.400000000000001 7.400000000000001
7.1 6.0735495822845085 6.72320279050271 7.050709868909226
7.7 7.224244489191596 7.938300858033486 7.843038426863083
7.5 8.362699128642667 7.8 7.471219468029456
6.6 7.8720282325167386 7.248103962505327 8.5
7.1 7.2532689883292125 8.5 8.6
8.0 7.8888954700427085 8.290087720683863 8.097268201344221
6.8 6.930841672722703 6.9 6.4
6.5 6.891477102216682 8.157057857734245 7.170885210683072
6.8 7.3392041287024075 7.1 7.275988286969252
8.0 8.429262441347472 7.761805991346567 8.0
6.6 7.079031419751154 8.4 7.301968019680197
6.7 6.4318638112765605 7.896502976190476 9.2
7.6 8.006678997350352 7.34471817106819 7.34471817106819
5.8 7.0918465649969145 6.078959953209935 6.236773496783729
6.7 7.292120120997671 7.0019607843137255 6.4
7.7 7.486474367808173 7.448115449915111 7.965606190885641
8.4 7.58947080716164 8.284368327075887 8.258217636950313
7.4 7.731614337292891 8.291857192071456 8.20349839228296
7.3 7.97200613716528 6.0 7.540475706444399
5.3 6.312624469428954 8.08640515912594 7.1073010871277775
7.6 7.2547279792746115 7.0 7.0
8.2 7.925493483335419 7.2 8.5
5.6 7.629245943737599 8.607126499292576 8.30179452227614
5.5 7.549917332712528 7.98829220934155 8.278848759291582
7.0 6.660302432861455 6.6 6.6
7.0 7.464219101431784 8.064910281970949 8.3
6.1 6.7271847679165475 8.266393608706979 8.8
8.2 7.691676313485173 8.5 8.406924882629108
7.9 7.867568884354153 6.9 8.24970671756436
7.9 8.075198019801979 8.064866760168304 8.075198019801979
6.8 7.285757436878052 7.443932104928747 8.597378128791068
5.9 5.829255849625226 6.787417133679606 6.290941471232196
6.1 7.738549058254394 6.000748888368827 6.1053636441329795
6.3 7.245966798332917 7.926244751886223 8.600491236319316
6.3 7.910506974869978 7.111561072725144 8.122114797476083
6.2 7.778097343841063 6.015214827295703 6.015214827295703
7.6 6.300000000000001 7.910690248342436 7.902751978174924
8.1 8.610278583394727 9.4948209582487 7.617435897435897
7.3 7.297776734086261 7.562643206630774 8.0
6.8 7.453283209614743 7.8 7.08863101244534
7.7 7.558344122843379 6.101599505944111 7.400000000000001
6.7 7.5643563482354015 7.7 7.7
7.4 7.815594202044252 7.945077936150704 7.377485476268771
7.5 7.589862289438091 8.526147334594624 8.058312501928835
8.2 7.789400305576776 7.4 7.411583276216587
6.6 7.4 7.3 7.3
5.7 6.4835274299366095 6.7338343497580375 4.2
5.4 6.284573152614508 6.6 6.476014590781717
7.1 8.081567261644022 8.0 8.263247863247864
6.4 7.184137271799244 8.582071139743677 9.348519590902724
6.3 7.654275051671414 5.7 5.754037229541884
7.8 7.77405111144715 6.721578305392448 6.721578305392448
6.6 7.70266386387442 7.572127765934829 7.886454902185432
7.9 8.209955171920454 8.56258484162896 8.727625294315505
7.1 7.533926588796213 6.6 6.6
7.7 7.27054464736932 7.018912842073328 8.203495691575823
7.5 8.32658441653815 8.915556251467939 8.837056340230363
8.7 7.718593067525993 8.462577727974207 9.342760469997394
6.5 7.758000134921582 7.185472972972973 6.998749112952694
8.0 7.701302819824947 8.035373938992976 8.026231422213675
5.2 7.299656962557622 6.656568853802041 7.2
7.6 8.005824723652252 7.399240519020446 7.399908457210045
5.4 5.650712028521655 6.48067909208341 7.375600516826218
7.8 8.221333913822434 8.221486873539007 7.670384167636787
8.7 7.2441671091506095 8.40878535285634 8.428780556290533
8.2 8.452686938144787 8.1 8.1
6.4 7.498887436762186 6.605369428656895 6.619590596513674
6.8 7.1 7.4774975309307035 7.256750151240168
8.0 7.9 7.950381231671554 7.1
8.1 7.518959929000444 8.40497049090847 8.40497049090847
6.4 8.08256588976081 6.674071856287425 6.7
6.5 6.814282929525673 7.5 7.496062776836004
4.7 5.4355940893287045 5.920666653997454 5.957727071867594
7.8 7.849030914269866 8.400610422740526 8.0
8.4 8.229534578205422 8.095895980771799 7.4
5.9 6.830109897115783 7.299999999999999 6.1
7.2 7.676872441381281 6.7787516823687755 7.5
6.2 6.95134559282708 7.8 8.04454126089185
7.7 6.384554334554334 6.9 7.806446266573622
5.1 7.835750845056911 5.565463108320251 6.620532401570549
5.8 6.4679904415111515 5.82042561423873 6.34375
8.3 7.720060308259242 7.557146982385215 7.880101935019153
7.4 8.573756976643448 8.248067204401458 8.093074686112315
7.4 7.30022667776419 8.224877737614289 8.236567460317461
8.9 7.355515011143644 7.894742664955525 7.9
7.1 7.574858223062382 7.957774607703281 7.6000000000000005
8.0 7.982178415427811 7.5 7.5
7.4 7.56726441751824 7.489634782608696 7.595005468465185
7.8 6.623016745751654 7.329216792110586 6.900309230468367
7.7 6.728247532311719 8.0 8.487736920255044
8.9 8.264491549031877 9.185476136104132 7.732761630892472
7.3 8.1 7.712195931921959 7.712195931921959
5.1 7.3561875206036405 7.738963567256883 6.2
7.9 8.143726365203078 8.386548535837578 7.0
6.7 7.59288943657374 7.822400078804147 8.0
7.5 8.177067485823683 7.2 7.2
7.6 8.439628397691859 7.900000000000001 7.900000000000001
7.1 6.418101477103905 6.148845389203243 5.1
8.3 7.745666227877724 7.7 7.7
7.7 7.990912855738172 8.192520208706965 7.790128268520403
7.3 8.121899292393138 7.700000000000001 8.043337405326167
8.1 6.414992621507118 8.167169585260769 7.9
7.2 7.530574330146234 7.3 6.890871813157425
5.1 7.37356823273994 4.813740458015267 6.35359976915308
6.9 7.693022048987746 8.253132958668278 7.264219864005424
7.0 7.1 7.1 7.1
7.3 7.873448498914463 8.138655114444587 7.358998234066463
9.0 8.431648539269963 8.621633977502162 8.8
7.8 7.76728542379819 8.180306777168827 8.180306777168827
8.0 7.766892195821173 7.842254398518393 7.7842272943414175
8.3 7.892259378713291 8.01610705596107 8.004288993596713
7.1 6.876891782656102 6.8813639498877315 7.051028404818133
7.8 7.795296939607228 4.6 4.6
6.7 6.48826657939849 5.731734837799718 6.239963167587477
7.8 7.456066019617511 8.315232198142414 8.291474493361285
7.3 7.222455173868694 7.445313995064713 7.761418540997263
7.7 7.01786703601108 7.323785976924052 7.895115597525236
6.8 7.865354521697791 6.963674068402246 5.8
8.0 6.883260006286659 7.2 7.89042195073189
6.5 6.906450938844939 7.403147043717967 7.003883658372562
6.1 7.942473374673659 7.342978003384095 7.416392487989519
6.8 7.833155995965743 8.241325071547966 5.802422349470762
7.1 7.196907332204151 8.372867782942263 7.974423867656902
6.7 6.906919718548661 7.4315949730922926 7.52179406190777
6.1 6.25 7.33226461038961 7.33226461038961
6.9 7.914339924933607 6.9 8.3
6.4 7.501844428865692 6.869678302532512 6.822931247426924
7.7 6.842687275341481 8.352317880794702 8.352317880794702
5.8 7.98954179897043 5.7 6.5
6.8 8.136835038717923 7.059016393442622 6.987675070028011
7.5 7.083784219451371 7.35763318220459 7.508935373490864
7.7 7.184682247044418 7.58373533147375 7.8
9.1 8.125393071040872 8.911835032771558 8.897591512387583
9.1 8.516676984779927 7.977163904235727 7.7
7.5 6.854990627585735 6.941576052757432 6.912078633877577
6.2 7.775147639151566 7.468741785159518 7.888546458141673
6.6 8.624754646779673 7.359541411956833 7.359541411956833
6.6 5.83271498746036 6.1 6.1
7.9 7.478919145370758 8.661369461735628 7.5
7.4 7.522894385412069 8.345909125346962 7.812075081288797
8.6 7.913368635864341 6.9928870292887035 6.9928870292887035
7.1 6.944421058313688 7.3492444944542665 7.3492444944542665
6.5 7.617373251537398 6.0671826625387 7.4
7.8 7.934599240995997 7.462568306010929 7.796660052604864
7.4 7.371276994629432 7.3 7.3
6.4 7.834075817995515 7.695119933829611 7.811939636040834
6.0 7.119253441978212 6.22626807155109 6.3
6.3 5.949431938478754 6.631612769126842 7.234057549629036
6.5 7.580283899645408 7.226643598615917 6.513495575221239
7.0 6.037738563756028 6.568982442892202 6.187972972972973
8.1 8.14160948387163 8.5 8.482365731462925
6.2 8.051599934909714 6.4 7.014814814814815
5.8 5.808344356934612 6.000041692972948 7.053618157543391
6.4 7.7567327123380565 7.661252281342132 7.661252281342132
7.2 7.739715082646342 8.333516819178557 7.226425920576013
5.7 7.0623273330037515 6.6058177826564215 8.15140607424072
6.9 7.6314508842572195 7.342126361134379 7.505652843352095
7.7 7.746648211163887 8.26487676056338 8.26487676056338
6.5 8.075773844874732 6.697593643586833 7.4
7.1 6.771523514591644 6.900071363033948 6.5
7.8 7.076732740943267 7.318358974358974 7.380216216216216
7.3 8.153033981742212 8.235243118879943 6.599999999999999
7.7 7.366022578329796 8.1 8.1
5.2 6.378820790038273 7.368332179463366 8.5
6.1 7.947045013180574 8.597950115032932 8.642270488458848
7.3 7.545307122206416 8.074076860686004 8.074076860686004
6.3 7.124636818940111 7.099999999999999 7.099999999999999
5.2 6.7669482393690625 7.62158273381295 6.0
7.8 7.71954549919815 9.503974675694868 9.503974675694868
7.4 7.886520316016602 7.170809047644511 6.3
7.0 7.194104155517105 7.620782918149467 6.3
8.1 7.450015621432606 7.8963571278163815 7.8963571278163815
6.4 7.466614523562388 7.667762787555822 8.53435625113187
5.1 7.063717641840807 6.970585219195003 6.7
7.7 6.6258000186297 7.372600173118433 8.2
7.8 7.87702130461374 8.035030549898167 7.6
7.7 8.348116081427403 8.222853855005756 7.467103475829005
5.2 7.567521749449565 5.162162996501338 7.6
7.3 7.501919783600914 8.1 8.1
5.9 7.042881332599118 8.263660012527026 8.148852994400542
7.9 7.474183734717261 8.3821502818201 6.7
7.1 7.409353708360253 6.020784672874704 7.345367354865696
6.9 6.9851825486877575 6.936893482629917 8.7
8.1 8.131022879380568 8.930863488969504 8.958902723869484
7.7 8.144467603786312 7.923341750841751 8.031138541600559
9.1 9.132988328017888 9.045464108910892 9.314886623581407
8.0 6.491542010032246 7.54508762427271 7.361068045911122
6.8 7.396559384364641 7.865982166071238 6.1
5.1 6.314944188138188 4.112461632903622 5.1
6.8 8.329881923844912 5.1 5.1
8.6 7.368691056759333 8.8 8.8
7.5 7.737104955865549 7.405982905982906 7.7
6.3 7.346180513319547 8.228352490421457 8.228352490421457
6.3 7.941474502686736 7.5 6.706627218934912
6.6 6.46533583869661 6.0 6.0
6.6 6.58257715610174 7.016072629455278 7.8025850111386665
6.2 8.055772111144035 7.570564516129032 7.6667924528301885
6.8 7.588781076144489 6.342260801716571 5.7
9.1 7.508566598572408 7.6 7.7544137022397885
7.5 7.799999999999999 7.715867928747111 7.715867928747111
6.4 6.9671359512128 6.96908695652174 6.96908695652174
7.4 8.173056026197042 8.214495880269077 8.18398867960496
8.2 7.6 7.6 7.6
8.1 8.2 8.770297790585976 8.013540840602698
7.7 7.207794627468603 8.19449000722549 7.492536223744803
5.4 6.770367845991723 7.356638121744095 7.028050004401796
7.5 7.3284494086728 7.9 7.82662440570523
8.6 7.5686615376183495 8.36809889304586 8.149201419698313
8.1 8.20123459226566 8.842336406386995 8.389098360655739
7.6 7.340907119663802 7.493374416941882 6.96853169469599
6.5 7.630303730285274 6.918867924528302 6.918867924528302
7.7 7.518383104941249 8.6 8.564208781101751
5.8 6.270971718275341 5.390686274509804 5.7162875097427905
8.1 8.128242320819114 7.013215369059656 7.2
6.6 7.352269800961686 6.854169202678028 7.0
7.3 7.513281159341611 7.72776025236593 7.9
7.2 7.275655298295302 7.661954260290634 7.4
4.8 6.093846168752252 5.9 6.770170705445395
6.6 6.819341846920424 6.0 6.0
5.7 6.162892278024257 6.222639767106993 6.222639767106993
8.0 8.467907142616323 7.799999999999999 7.799999999999999
6.3 7.246535946136946 6.723627322690394 6.913804897734208
7.3 7.835340435765968 7.8575514985844 6.8
2.8 5.6007358219669765 5.6 5.367561761546724
7.3 7.670964371330843 7.888487983030938 7.7
7.0 7.516079669500044 7.7058527136658075 8.59146151927394
7.6 8.280736864337557 8.324453614029464 8.839691617605833
7.6 7.864829117083039 8.352189293886235 7.773888407439503
8.0 7.969127966298195 5.9 7.5
8.1 8.288081233505421 7.4134627831715205 5.8
7.5 8.796941175993169 8.2 6.9
7.8 6.337122134409437 6.952223375687431 7.160070046385232
7.6 8.048751992650397 6.700000000000001 6.700000000000001
5.6 6.725382919032537 6.062479201331115 4.370833333333333
8.1 8.657619544054207 8.414232770130289 8.648647894204265
6.5 8.010940611563507 7.555911047739176 7.377181208053691
7.0 8.027190993779886 7.5 7.5
6.0 5.825356125356126 5.9 5.714115898959881
4.3 6.9888739010503045 6.625400371581679 4.655566891110658
6.0 7.70542257624842 7.9 7.9
6.5 6.708707907902687 6.981660079051383 6.981660079051383
8.1 8.424280876888126 8.576414494596312 7.7
7.1 8.264580724601387 8.500394926465153 8.500394926465153
7.2 7.03945229321347 7.3 7.3
7.2 7.320524644316977 8.622783988076225 6.9638732888732875
7.3 7.095449476989829 7.134978000303444 7.216468877405282
7.9 7.334246514472385 8.014713545478498 8.1
7.3 8.186115748469671 8.0 8.0
8.1 7.303629913898604 7.9 7.9
6.9 6.694204127502944 6.460508012500831 7.2009011900646875
5.7 7.053309313174498 8.000168969499937 8.1
7.9 7.757992210924822 7.0250036533684055 7.7
4.0 6.0 5.277812870114489 7.024960577570555
6.4 7.961817167503517 7.629331848552338 7.616972456977711
5.2 5.89951768488746 6.934916205973367 6.44905566417057
6.9 6.464606358502762 7.087341772151898 6.599999999999999
5.4 7.754902875674288 7.2 8.513595829331871
7.3 7.258411351667641 6.828190476190477 7.800000000000001
7.7 8.153490804351232 6.2 6.2
6.8 7.319909037291033 6.9131718395155195 6.2123778501628655
8.2 8.717392052659427 8.18828867093984 8.207407637090897
5.4 7.281843955511162 5.0 3.7231868831582298
5.7 5.42631368325908 5.272059069611781 5.776416449562952
7.5 6.856196214519061 6.0 6.0
8.2 7.663810896949461 8.790100646488392 8.754927876074753
6.0 7.739237543194739 8.3 8.651415921389559
6.8 6.637014966947775 7.664341235159905 7.83618186916291
9.1 9.1 9.1 8.788034854170977
4.8 5.942580799103328 6.271254355400696 6.271254355400696
7.8 8.157633388233432 7.697951854553617 8.279756061532478
5.8 7.088241033172876 6.381579866670548 7.400000000000001
5.9 6.747152353468518 7.227331224582016 7.401642804799353
5.7 7.584181415929203 6.9 6.9
5.3 7.129160707640727 6.668258064516128 5.816038933559035
4.7 5.729184665226782 5.922656249999999 5.557626272709124
5.4 6.671095419186015 6.440897755610973 6.471184882286047
7.0 7.326493474591019 7.9452471949509125 7.924705888860005
7.1 6.8384806973848065 7.881917211328977 7.867511520737327
5.9 7.541837957740684 6.860830324909747 6.911733442354865
7.3 7.006562974203339 7.664171711612548 7.638784067085954
7.4 7.486764742679894 8.360054775321071 8.360054775321071
6.7 7.9827718689964815 7.936522709531297 8.14383149448345
8.0 7.449087824684354 8.34147661834135 7.364409394044793
8.0 7.851294509096437 8.288790721918167 8.288790721918167
7.9 6.252011112888989 6.1 6.127499049790954
7.7 7.935774789263739 7.971347578260737 7.996591017906732
7.0 6.810052447552447 7.2 6.8
6.4 7.95 7.495196647324306 7.246801346801346
6.4 7.153331511868352 7.250265909543357 7.068156249999999
6.9 8.437144081046245 7.1 7.1
6.8 7.7827995570668405 7.50065510374881 7.607838479809977
8.2 8.082442034787801 8.433508909559567 8.433508909559567
6.8 7.064127065353781 7.017197275355691 6.7524824914902775
7.0 8.168710666664822 8.210793834281972 7.576253363766352
7.5 8.113827338129497 7.496276824959063 5.6
6.3 7.2169567105899 5.9781280788177344 6.778642936596218
6.5 7.714477747652655 7.832456861133936 7.7
5.5 6.452729018500517 6.040073638712923 6.1
6.4 7.032115194025849 7.873955422910846 7.433001566210278
7.4 7.035710793435799 7.886094313839406 5.6
6.6 7.148757952051634 7.019751239475278 6.227914287085473
6.2 7.674766967756685 7.015869644575714 6.726767237974883
7.2 7.673319583608107 8.55555697008275 8.298466418941196
7.4 7.519482888401264 7.445951328925031 7.379018174988315
5.4 7.263179879037042 6.064459652363758 6.2
7.5 7.737453503661623 7.404333443599073 7.200000000000001
5.6 8.108470483083718 7.64191161356629 8.484952212530052
7.6 7.240059704448439 6.598451579742036 6.6
6.8 7.318459114515102 7.301795415141591 7.6
8.3 7.376930707496669 6.654865943037388 8.810657077114953
6.9 7.531998822086842 6.1 8.0
6.8 7.095779444648739 7.0 7.0
7.2 7.142954594430369 7.127694738121278 7.194339622641509
3.2 6.419444339455343 3.5 3.7
5.0 5.407933162841584 4.8916660146163595 4.878649665786665
7.6 6.897984276179788 8.350204490355223 8.2
6.0 7.711066037503787 7.048543254146123 7.2
6.9 7.711329388817127 8.3 8.3
7.6 8.006932454285359 8.2 8.140982218458934
8.3 7.7199066874027995 8.1 7.9
7.0 6.6 6.940990331087019 8.06537634408602
7.7 7.333515573227302 7.79253609168031 8.5
6.5 6.970797743208161 5.578706328177954 6.383341416100873
5.1 7.876526645134608 6.256887486855941 7.182247887232559
8.0 8.149253008236784 8.912759714418085 7.2
7.1 7.5590301599608845 6.283333333333333 6.283333333333333
8.1 7.465357084195007 8.4 8.4
7.6 7.973837018533612 7.815531779165903 7.642799471009953
7.1 7.692457182383279 6.3 6.3
7.3 7.515611238885197 7.695820778645966 7.407120849024307
5.6 6.551619268219449 6.3 6.3
7.2 7.4158712555899955 7.300729360970805 7.509307006929932
7.2 8.274277222083098 8.226629834254142 7.601772525849336
8.2 7.486087367363615 8.19438964629013 8.52435945980058
5.2 8.042647208121826 6.81581225033289 6.871613663133098
5.7 7.683819224261788 7.3227783452502555 6.687954830614807
4.7 6.8412117132613455 6.382577777777778 6.382577777777778
8.2 7.60269878200414 6.719200877318457 5.987621621621622
9.1 6.884070139963046 7.528950760505285 7.5
7.2 7.832404332011073 8.077385892116181 8.157907213003725
7.3 6.956623889567124 7.178704898308278 7.149174092775592
5.7 6.943394217106713 7.467210327907758 7.3
8.5 7.6780689837438025 8.580526399551355 8.486448443083205
7.3 7.673892638683823 7.6966964150658 7.700000000000001
8.8 6.722549335049335 8.760038330399126 8.803487501870977
6.7 7.593463286099074 6.999900214921706 7.266862385321101
7.2 7.364685138160764 7.411651169510781 7.288594795919673
7.4 7.461663435685082 6.7 8.373117539989432
7.3 7.474136858801764 7.515110466053863 7.515110466053863
5.6 8.426387037671345 5.7 6.6000000000000005
6.1 6.967420874945708 6.7 7.156736272235112
5.5 7.416905392566948 6.5 7.496969975490195
5.8 7.620460277727306 7.772035814015336 7.5
6.9 7.451756457855058 6.584571428571429 6.584571428571429
4.1 5.398690321289557 5.479317258195611 5.479317258195611
3.9 6.2223622266544805 4.0 4.5206672660073925
6.8 7.299488789372898 7.216406100072925 7.170520146005897
6.8 7.38198006129299 7.026487390669521 8.431270452690649
6.9 8.02421868826512 7.520606397388255 7.6
8.5 7.74154932987249 7.469462190730631 7.469462190730631
7.3 7.36899762282092 7.335419906687403 7.350932449233319
7.3 6.574294785727512 7.752900615978671 6.5
7.6 7.7899258410863155 8.630350019079335 7.299715634032116
6.1 6.942004254483863 6.19244393022428 6.880096331233249
6.9 8.801246601972192 6.809810155327459 7.868988556400597
7.4 6.832488879205323 8.330237221845087 8.330237221845087
7.9 7.049901958482227 7.8999999999999995 7.644702706019513
6.0 7.603853367749616 7.6 7.5305442648954095
7.2 7.023926993834953 7.562207360927639 8.312613813938952
5.0 7.287380837308809 7.086166007905138 8.5
8.7 8.445101407853024 6.9 7.796318592049286
5.9 6.729694755116157 7.0662761291342315 7.017145921186564
8.6 7.456838710413253 7.523865078787585 5.9
8.3 7.276563804683188 8.439279426289346 7.9
7.0 8.09190510627594 6.985441907298535 7.230171934398731
6.4 6.495185200394218 7.617376551081738 6.7
6.8 7.4390077708406555 7.601113415565987 6.0
7.2 7.64287680660702 7.5 7.786732673267327
7.5 7.706731206054485 7.497687861271676 7.834797973848509
5.8 6.752937838955909 7.3 5.2
6.7 6.100472980294057 6.999882174555498 7.077661763997883
5.9 7.2522278470831685 6.558559536735432 6.558559536735432
7.0 6.382312445266129 6.4 6.4
7.8 6.190131071703933 6.090683229813664 5.8
6.6 7.255648620106986 7.0 7.0
7.0 7.594705205141924 7.2478088033946655 6.6
8.3 7.9561896356713095 7.530636542192145 7.83910367754962
5.6 6.089120228618086 6.293480386470228 6.8
7.6 6.861737213259465 8.479017561298873 6.8
7.1 7.191002024785343 7.992327772103052 7.4
6.4 7.38907128578384 7.499203475742214 7.282692307692308
6.9 8.079629413036798 8.003000867579665 8.003000867579665
8.3 8.164191304857326 7.851939867129638 7.851939867129638
7.1 6.1244317657552365 8.21036785963513 8.2
7.0 7.30312432947908 7.4405836269713665 8.415243763873045
7.2 7.828325123152709 7.700000000000001 7.915757000474606
7.0 7.43656931358868 9.132563671035049 7.358960269378123
9.1 8.7 8.92653271509531 8.519984973703982
7.1 7.83000262095336 7.927743716433941 7.927743716433941
7.3 7.491044437677694 7.062658281347737 7.576749435665914
7.0 6.928939291871297 7.6 7.6
5.9 7.8827311933113915 7.3848258226382315 7.379798464491364
7.6 8.423266314674006 7.4035184327996895 6.0
9.4 7.974381796772182 6.8 8.896570387052574
4.6 8.523028045021093 7.889099526066352 7.889099526066352
7.8 8.14348036956823 6.8 6.8
6.8 7.574745956879177 8.937647294833887 8.074766355140186
7.9 5.958881697112702 7.712693078148382 7.711049013004194
7.1 7.865053412397188 7.0 7.0
5.0 5.674538318234305 4.7 4.697196036176957
8.5 7.577827357440496 8.246570434070435 8.246570434070435
6.9 7.7403826527545 7.8 7.8
7.6 6.921645481129372 6.273454401532259 4.9
7.6 7.590129351713777 7.6 7.6
8.0 6.826975589573852 7.6 7.6
6.1 6.833475611013502 7.681272148926178 6.8
7.0 8.0 7.8 7.8
4.2 6.445290805600271 7.490205402936619 7.490205402936619
6.8 6.186977680204903 6.0 6.0
8.0 7.187920704961106 7.961132557125957 7.955158552925412
4.6 5.503318467626187 4.807395825318487 4.803624463102459
6.3 6.942537040424364 7.1 6.9
7.5 6.229859413540987 8.120076683521415 7.3
7.0 7.333246807913568 7.885257908680069 7.853777901012062
5.2 6.050000000000001 7.4 7.4
7.2 7.428249336870026 7.86780612244898 7.86780612244898
7.3 7.222030800390254 7.4 7.4
6.4 7.432951226356385 6.8532665291285975 6.694406487452909
5.4 6.8260124105242115 6.070196683400401 5.288036855609985
6.8 6.958732858375438 7.013190243902438 7.1
3.9 5.058820177207871 5.0 5.312784751278476
6.0 6.633974086081517 7.4 7.4
5.8 6.897481624137377 7.991557840616966 8.684538152610441
6.3 7.230016460146454 7.0 7.0
7.2 7.86440144493071 6.855970439517698 6.837282369421653
6.9 7.124411473256029 8.045078708856733 8.6
6.3 7.20326645470796 6.2979147500766635 6.896648995094161
4.9 7.947640494233617 7.041343963553531 8.1
5.0 6.612894490837908 6.904394992576595 7.109962853740145
7.8 8.481443872527144 8.0 8.161118241617197
7.0 7.575828597149641 8.091502111779679 5.5
6.8 5.967663912871297 7.835115062172959 6.787830547416979
7.7 7.91656320682007 7.509858384664096 8.088589818607373
7.5 7.883266251285244 7.278274567460421 7.254440642879732
5.2 5.812068769546479 5.304013265185265 5.503925473651109
6.9 7.147361774447107 8.3 6.958703912909521
3.8 6.45 6.0 6.0
6.4 6.9971045183762 7.7 5.932089552238805
5.2 6.713415524740963 7.2 7.781256231306082
6.7 7.25 5.8 6.6
6.9 8.387998187135391 9.1 9.1
6.0 6.693247814556368 6.6 8.711893730459694
6.8 6.904021951631644 7.229324196597354 8.1671826625387
8.1 8.350000000000001 8.04897918926916 8.102391774891775
7.1 7.10492249639749 7.328605686879069 7.4
7.5 6.979278929575072 8.343290712556868 7.795748778977781
5.5 7.436854907235995 8.038312481975364 8.038312481975364
6.2 7.228528564570331 7.1 6.5
6.5 7.722282258470437 8.276392048264269 8.264681114955286
4.6 6.324162011173184 6.361124623581191 6.397901799329064
7.8 5.975648869406163 6.788650963597431 5.9
8.1 6.9431102520302295 7.983773566616586 8.069414271607505
7.7 7.288749179969386 8.04849993631875 8.307339479263785
6.7 7.207389278535989 7.46125126135217 7.5
6.9 8.098925290545433 8.2 8.3
8.3 6.933114821542924 8.22397167956998 8.22397167956998
5.5 6.259281282624208 6.889291439563962 6.629251036838253
7.8 6.182692679711002 5.954727631950324 5.954727631950324
7.5 8.364813557717595 7.836822531858978 7.95487861005638
6.1 7.286481563515991 7.55698392357875 7.8999999999999995
7.4 8.049282476435646 7.984025559105431 7.841988197911939
6.7 8.100930140438056 7.554024903542617 7.5
6.3 7.949338361904095 6.882464606606767 6.917281968967363
7.3 7.687572878214458 8.584502163622696 6.621632543103448
8.9 8.778246689678394 8.795849631490098 7.520621057738961
2.9 3.721597431826509 3.9804365094375305 3.9804365094375305
5.4 6.253278271273815 7.562874898676034 7.800000000000001
7.2 8.448454397171222 7.580213160333642 7.369289849935011
8.0 8.013632712418776 7.149000234349604 7.149000234349604
6.3 6.987730165364203 8.56241196425189 8.843259338300602
5.5 6.424505266912799 8.0 8.0
5.3 7.023246199744735 8.122798334875116 7.305700515206914
6.5 6.911730126521842 7.47725179856115 7.478016284233901
5.7 5.182013989259176 6.341127214170693 4.945349175356238
4.8 5.107672326764241 7.173899031426381 6.603253554622274
6.6 8.1935581145592 7.9 7.9
6.0 7.721708657913091 7.453361021105959 7.3104364299549
7.0 7.180161757576383 6.9 7.2296263345195735
6.7 6.634951648377957 8.663397226118123 8.663397226118123
5.5 6.7800366210149114 6.912803217019069 7.201128572295371
6.1 7.325777487932309 8.131039100408442 6.91994459833795
6.3 6.05 7.601266203988885 7.164184941339537
7.2 7.8902209408560635 8.377496589131809 8.086787730857464
5.8 7.840592158327345 7.520890033100405 7.5239713019624395
7.2 6.705370942552928 7.048082703137571 6.4
5.9 5.95 7.453450069078999 7.4
2.6 4.7 4.605352612886859 4.7
5.5 5.453064629977849 6.428327338129496 5.764546064842238
5.6 5.98215715020306 4.6811168345914185 4.735941541242093
7.0 6.15 5.567165840331883 7.0
7.6 7.145722434603508 5.6 5.6
7.0 5.949999999999999 7.352956722827883 6.3999999999999995
7.2 7.488257066392011 7.87393668154921 7.479338330317911
7.7 8.55 8.775460339943344 8.7
8.4 7.149442413312635 7.088230847409223 7.4
6.2 8.624863646873226 8.003814669286182 7.374733457437806
4.7 5.974519467718087 6.3071763602251405 6.303373015873016
6.5 7.748709572035283 7.8 7.8
5.8 5.199249369752403 6.1 6.1
7.2 7.814182153804159 7.927292491236847 7.927292491236847
6.3 7.170424464486695 6.8 8.1
7.6 7.062506075247821 6.1 8.04487639553429
4.1 7.068579840128335 6.1 6.1
7.1 5.7922234004948745 8.6 7.5
6.8 7.741320369284528 7.336935341009743 6.381213307240705
6.9 8.204474857642523 6.2 6.2
7.6 7.987291125693252 8.018001143208899 7.985205532574974
6.3 7.901925904424176 6.4 7.499521543678855
6.6 7.138061381271175 6.987135666241702 6.5
7.8 8.003568618635494 7.393881578947368 7.571270718232044
4.1 6.706484522511811 4.96577023009134 5.1
7.3 8.490137366252746 7.059765018842828 7.1
7.0 7.614547465018704 7.858523344191096 6.5
8.1 5.709495623042461 7.1 7.1
7.5 7.665077114227296 7.433739546287643 7.3
5.1 4.977496323240358 5.1 5.261242603550295
5.1 4.839995856962233 5.1 5.196289752650176
6.9 7.017366604456232 7.328203393652405 7.198751362600338
6.1 4.982478097622028 8.071273512829968 7.207379978630117
5.9 5.520268426842684 5.6 6.412869039992679
4.7 7.590685121846943 4.968047337278107 6.4
8.8 7.410721982758621 8.700749727371864 8.791228978007762
7.9 7.0038214185083 8.234314322886645 8.234314322886645
4.5 4.489485675229254 5.4 5.4
8.9 7.921246538851461 8.528218903590718 8.496850335313676
7.5 8.239401358028758 7.763324873096447 7.6
5.9 6.459544807965861 6.0 6.0
5.1 6.932184485663248 7.3382962715265005 8.070486045187012
6.2 7.138419285085254 7.3 7.232636645561443
6.4 6.7604911611767005 7.777522690870261 7.385004359197908
6.7 7.345958273617928 6.588636363636364 6.3
5.3 8.360629145733878 6.3 6.3
7.1 6.85 7.274858223062382 7.199999999999999
6.6 7.473684210526316 6.4 6.4
4.7 8.456471824460664 6.2681733457595525 7.8680383936451905
7.3 7.596133922637344 8.434326135517498 7.0
4.3 5.199475678810864 6.0 3.1691042047531996
8.3 8.25399880738652 8.9 8.510232965931863
7.3 6.997753524616975 5.8999999999999995 6.279670750382849
6.0 7.5270614406867775 7.352313976697767 7.352313976697767
7.2 8.057697640574329 7.129072649435091 6.6
3.5 6.285974350051367 4.262556390977443 4.262556390977443
6.5 5.934110621356462 4.3 6.876833976833977
7.5 7.6077042458466675 8.0 8.1
8.3 8.28712019572036 8.6 7.671116206182098
8.2 8.638271604938272 8.700811907983761 8.9
6.6 8.216330224977106 8.13370131222662 7.4034740780331365
4.4 4.552540685015503 5.2 5.698869057136766
7.4 7.9 7.9 8.098628777806441
7.9 7.653933237404879 7.991728289433477 5.9
6.4 7.263843738455854 7.694055031130748 7.694055031130748
7.8 6.8371963132603 8.672940104935027 8.45737189321878
3.8 5.5252625107046445 6.110343265666638 8.4
3.7 4.594067357052999 5.736010787037456 7.6
7.4 8.245417861498602 8.438985348221777 8.506664942454416
6.3 7.61559136790811 6.7468642117376305 6.700000000000001
7.7 8.334730876275746 8.18602383531961 7.352192066805846
4.0 5.761326711356683 5.0 5.0
7.4 7.554107948627358 7.528110000000001 7.528110000000001
7.0 8.431618408615687 7.4213097713097715 7.410467179183915
8.3 7.947995113518494 6.1003739915584765 7.576017311966311
7.2 7.997558216922477 8.068673218673219 8.068673218673219
6.2 6.117038068709377 6.211109365179133 6.779268016487747
4.6 6.1794301895213195 7.3999999999999995 7.3999999999999995
5.1 7.726041563077384 7.400000000000001 7.400000000000001
7.6 7.821214762612909 8.933105252565909 8.7
7.5 7.8 7.8 7.8
6.6 8.011388491728395 6.922518847464628 6.920701663201663
8.3 7.064621236905902 8.3 8.3
6.4 6.698231724223147 6.3 6.3
6.5 7.733538166355528 7.650353606789251 7.305578481945468
5.6 7.104065281899111 7.8 7.8
4.9 5.486383601756955 6.3 6.8
6.5 7.635770212929451 6.7 6.7
4.3 4.50302734732515 5.7 6.126049674432529
5.5 7.359896853320137 6.322764227642277 6.6
4.3 4.97644339928641 5.823310432976514 6.30737534699413
6.2 7.229120148471253 7.0 6.872847682119206
4.8 6.575171938130675 3.9506678452170494 4.156144639244774
5.6 5.974103144189483 7.338229707483855 7.367443091582849
7.0 6.45 6.763506625891946 6.763506625891946
8.3 6.655799340033694 6.423279337907619 8.44533450784166
5.6 6.726572847682119 6.8999999999999995 5.8
7.5 7.413883020714513 7.3 7.311547690461908
6.5 6.518527842071337 5.8618309363592385 5.432929093304588
5.2 7.391765658993055 5.5 8.2
8.0 7.209754845119697 7.8 7.0
8.0 8.776227272727272 7.5 8.419353198413505
6.8 6.7021384403268165 7.241311475409836 7.142329545454546
3.9 5.6508399040109705 4.830259900990099 5.2
4.8 7.563813979086406 6.63021001615509 7.7
6.3 7.537078697947856 7.1 8.557091317769904
7.0 7.351074902051451 6.950980392156863 7.094496268656716
8.2 8.154506942333231 8.696695911596896 8.780073002160247
5.7 7.810866681795134 6.991433314886552 7.3
7.4 6.816930902856027 7.0 6.8
6.3 7.712986660882767 6.402 6.5
8.1 7.614091122592766 6.7 6.7
4.5 6.31631461897232 7.305804512962168 6.861846612722226
4.6 5.788002373250082 7.041152458999452 6.71608739064283
8.0 7.3943778851180735 7.755972338729534 8.00139746274482
7.7 7.3380879120437115 5.7 8.3
8.0 6.890433778021679 7.258298181158435 7.900000000000001
7.8 7.01532662486425 8.262995224543783 7.7437753927927755
7.6 7.585533708990132 7.3 7.3
6.9 7.57428327945447 8.125926731955024 8.3
5.7 7.159102988143172 6.300866146248872 5.818098054828802
7.1 7.237177079805571 7.745534924133937 7.2344983458351075
7.2 7.522117021851665 6.9 7.5
6.9 6.4592714344978965 7.665428111736399 8.2
6.0 6.351684713044966 7.061481004832381 5.9
6.9 7.074386246141514 7.619101844933011 5.8
8.6 6.890234436236072 8.5 8.105186543805862
6.2 6.988118693653352 6.167136824091197 8.0
7.3 8.072993592592944 6.63068227694792 6.3532985464032805
7.9 7.663420052072494 7.9146260186263095 6.827210945994925
7.7 6.458943602693603 7.314689418562658 7.313460164344408
7.2 7.448123186093769 8.123465101399283 7.5
8.3 7.604887304024125 8.498810714201355 7.1895824546604805
5.3 6.388888888888888 5.9 5.9
8.6 7.9910172298060225 7.752709282747054 8.166908770771432
6.0 6.37517893664337 6.049085365853658 5.7
6.5 7.025935217655144 6.543272591446333 6.60144775669979
6.8 7.14124823864419 7.3 7.3
6.6 6.832935656936239 7.599999999999999 7.599999999999999
7.4 6.808897604869446 7.149694864768952 7.1
6.3 7.035559992401718 6.82621283255086 7.3422222222222215
7.2 6.118429748986903 7.4 7.142349859978912
7.3 6.847892800514899 7.112553034409285 7.293542390294017
5.3 6.448216198998059 6.5 6.5
7.6 7.201346318893371 7.2238119921546655 7.25818883718512
7.0 7.662003120171498 6.300000000000001 6.3
8.2 7.8643675538331 7.8 7.770870941579677
7.2 7.13599521921425 8.227075453569737 7.356367891843616
7.3 7.679008970718131 7.957833766318644 7.1000000000000005
7.7 7.499317105686572 8.372784058081606 8.469863317116138
8.2 7.89023397814864 7.8584414495960315 7.8584414495960315
7.0 6.9 6.961980830670926 7.1
6.0 7.516561563763592 5.6 7.2
6.3 7.539667455587283 7.444315541936862 7.382669370142942
7.5 6.587996674712107 6.586332566307376 5.696995526673047
4.7 4.1 4.1 2.9
6.3 7.375997350254057 6.977901123015362 6.786735354944808
7.8 7.65 7.3 7.3
6.0 7.977653773518066 6.114589813967673 6.083902948082441
7.3 7.409821428571428 7.685812978040958 7.685812978040958
7.4 7.9653938615181925 7.840319235872516 7.599999999999999
7.2 6.754974956863093 6.890405544237232 7.102766541898092
8.9 7.803702914335883 8.2 8.2
7.6 5.994705310880828 5.664584717607973 5.6000000000000005
7.2 7.980421686746988 7.7 7.7
8.3 8.44045797969827 8.21968512565751 8.222862684819207
6.9 7.8302785390152 7.851141938646189 6.005432008749545
7.2 7.514399377113799 6.5 6.530862569242943
8.6 7.252235704283072 7.303267688614915 6.8
5.4 6.787671720482403 7.089026009436422 6.677568504444819
7.6 6.696985391117419 5.7 6.872256821142418
7.6 8.175005965163447 8.3 8.3
7.7 8.240706319702603 8.296323529411765 8.407520363705247
7.9 7.243428740271225 7.91037200828247 8.0
5.8 6.420203765558844 6.670727023737066 8.017501923855008
7.0 7.412524970576431 8.97540607313697 7.7
7.0 7.980475798545388 8.476745725884475 8.36830680656204
6.1 7.215121531590892 6.2 6.362445414847161
7.0 7.483357553177212 7.900000000000001 7.900000000000001
7.0 8.046815046372357 7.022892461496892 8.2
6.4 7.488151321761683 7.033319489910588 6.4
7.1 6.6887228493167195 6.835388939880679 6.7
7.4 6.480157328541793 6.590000443832941 7.999529763015487
6.1 7.480122643779911 7.142307692307693 7.142307692307693
7.6 7.26400094271738 8.622134375809873 6.6
6.7 6.6 8.3 8.3
5.9 6.596498442459778 6.8654384830855415 8.293012970533958
7.6 8.010784067763145 6.253535353535353 7.293745113369821
8.9 8.861053508512786 8.902649229138934 8.873021626437712
5.9 6.387209335023738 5.777330675267288 5.896576235676415
6.7 7.461939365596955 7.607595561035759 7.591735874051052
4.5 5.528659553473698 6.6 6.6
6.7 7.731798474151796 6.693150466893039 6.6223760804374665
6.4 7.740045733132933 7.908176100628932 7.908176100628932
8.1 7.644463951620271 7.6 7.6
7.1 6.860595446584939 7.530271346776201 7.530271346776201
7.2 7.285756605645332 7.374042780748663 7.374042780748663
4.8 7.62178967329866 7.043565683646112 6.973275862068966
6.1 7.1907458143074585 6.914391338790599 5.6
6.4 8.313970184490785 7.8 7.8
8.1 7.698884493670886 8.562237335465715 7.692398427260813
6.9 7.785941544544769 7.097368421052631 7.099999999999999
6.8 7.159779681897017 7.083040564190985 8.175795999000885
6.6 6.9392184254510525 7.766880004233989 8.288561754461071
7.5 7.6585746792015765 7.433444784103936 8.6
7.3 8.205545023696683 5.727118644067796 8.246698872785828
6.1 7.610087348793627 7.3 6.8821331080202786
6.0 7.232634777712779 6.200987415295256 6.436339515543529
6.1 7.215279394315017 6.6 8.188419876203575
7.8 6.901711202578256 7.1 7.219464082098061
7.1 7.779518206039076 8.2 8.2
6.6 7.519659677210433 7.9 7.9
6.0 5.815915888399658 6.6 6.6
5.4 7.358773066399337 6.1823105553620215 6.108558891808465
6.5 7.581827137441499 7.699999999999999 7.699999999999999
7.9 8.009118157879993 8.950299564712324 7.574622130994587
6.0 6.798079872323236 7.625799639227419 6.198537343055616
7.5 6.502972258916776 7.236471692211448 7.6
6.2 6.477868587043433 6.2736049575768105 7.489039111540317
7.1 7.856868076314681 7.799999999999999 7.725132382892057
6.1 7.6645854587236615 7.395694938563186 7.700000000000001
7.5 6.8 6.8 6.8
5.8 7.295487657095787 6.982967970847718 7.530214762767834
7.8 7.009218491547012 5.8 6.1
6.7 7.169157997575024 7.389109362527084 7.951697045431694
8.0 7.199254829840616 7.1 5.7
6.2 7.6 6.6 6.6
6.4 7.084787862186672 6.768197945845005 7.646868230981548
6.6 6.691028208257842 8.073178994918125 8.073178994918125
3.7 5.958185917532721 5.031183965810613 6.817554102302536
7.1 6.722019847584473 7.315133075588779 8.2
6.6 7.343998042988973 6.9 6.9
6.2 6.4686415753485385 7.299999999999999 7.299999999999999
8.6 8.2 8.8 8.8
6.1 6.776837475634121 6.452227639542703 7.041831858737447
3.8 6.140436789733956 5.353534640371352 5.391885652485883
8.7 7.967321889592174 8.5 8.489543553373341
6.9 7.360705152832885 7.4 8.585279556306116
7.2 8.11615859468808 6.968284381326838 6.403550295857988
7.7 8.178321640540943 7.542630676186576 7.8972751319556
5.8 6.745659296602002 8.099999999999998 8.37893985419198
6.3 7.436455110858116 7.42276044200431 8.042048312542661
8.5 8.540883753072475 8.915127017265815 6.291692599107022
5.9 7.006810738306825 6.2735595194311635 6.60368228262965
6.4 7.576542242550328 7.493540898373738 7.493540898373738
7.8 6.75 7.877357392316647 7.877357392316647
6.4 6.785907544404705 6.10130968584206 5.6
7.4 7.04457253973975 6.09906699840057 6.373370932432934
5.7 7.6499999999999995 5.334070283179801 4.7
7.0 7.332137775319618 6.9 6.914510064145102
7.4 7.714759096785132 7.3 7.3
6.7 7.498207244858622 6.3 6.3
7.6 7.7471154332670285 8.139219227563212 7.717550505050504
9.2 8.191741208464672 8.727052368850886 8.495800361783337
5.8 7.159558897559762 6.261842661329548 4.728128265986853
6.9 7.073100991202579 7.860728346456693 7.66887159533074
7.3 7.6645114606744915 6.5721544715447155 6.390038953811909
3.9 6.458422594835637 6.951077537176068 6.330301765370902
7.0 7.460491429774171 7.404320274350468 7.599999999999999
6.1 6.804160803811924 6.134960537854428 5.5
7.5 7.9335809285808185 7.099999999999999 6.9
6.0 6.482814574600455 6.118375371971092 6.216969017360246
7.8 7.598803362414499 7.4069240958535705 7.713965112210726
7.2 6.617524904847878 7.042733137196684 6.769900532708892
5.0 5.98939323762086 6.363384575186169 6.4
6.7 6.5 7.0586844809866385 6.004444444444444
8.3 6.385786516853933 7.199999999999999 7.1680962343096235
8.5 7.596238214954269 7.286383445108426 7.455587062196186
7.4 7.348528123806565 7.190804269336208 6.635685147413313
7.8 7.905351377748157 7.8 7.8
7.4 8.007504498219072 7.063266016713092 7.47390346200327
6.6 7.853430006676048 6.9 7.519302497102519
6.5 7.09841052093018 5.461466951338848 5.465227309760469
7.2 8.07459318104097 7.320086338242763 7.975118125118125
7.5 8.179363548477468 7.681116955400463 7.6
7.9 7.791890316998435 7.444471825279555 7.092426048834524
6.3 7.108355579755997 5.259741414694213 5.540158915795267
6.8 7.355686278101658 7.552325402522818 5.9
8.5 7.7157501318579556 7.871232724648943 6.983154606975534
5.6 7.825787762607283 7.1585195259374395 7.1585195259374395
5.0 6.559825099269612 5.792925736235595 5.933835996405827
7.8 7.303658063519486 8.055582828232229 8.055582828232229
7.9 8.502269472887903 7.686496284212436 7.686496284212436
7.1 7.85 6.7 6.7
8.7 7.895268299502803 7.492583105341272 7.492583105341272
7.7 7.550003667331735 6.681677917068467 7.4
8.1 7.814127915585958 7.858109389819791 7.599999999999999
9.1 8.5 8.563571428571429 8.5
8.4 7.440575118275291 8.260767032006042 6.2
8.0 7.343967190314475 7.713701352824262 7.8
6.6 7.174026828713467 7.200258357361044 8.347315604616156
4.7 7.1858016883901925 7.184769818475866 7.404826694507503
8.4 8.300964365904758 8.4 8.4
7.0 7.366127331899181 8.73932786003956 8.32011537702366
5.9 6.7124117539087855 6.057999522559084 6.550864282046893
8.0 7.869617729355838 6.9 7.0155012559344545
6.7 7.343829746656402 6.2 5.802343493363713
7.5 7.6390471189587785 7.503700848111026 7.503700848111026
8.6 6.667773403863142 6.8 7.643147561419001
6.0 6.793023087110424 7.310025249208226 6.966423468228522
7.8 7.578157780009971 7.621217503086889 7.395358192090396
6.3 7.386495562485008 6.261009174311927 6.3
4.9 7.497719732298725 7.600001562744179 7.4
8.1 6.795900009559993 8.086639544456016 7.869938468381644
7.9 6.663580934055478 8.568124371076717 7.95075276849875
8.1 7.973371294088608 8.34677255479296 7.800844594594595
7.8 8.10727257862462 7.829569883343804 7.829569883343804
6.5 6.512335173564223 7.200000000000001 7.7
8.1 5.836891321438834 7.085245418158837 7.085245418158837
4.2 7.848674464782407 6.036627121189368 6.036627121189368
7.2 7.7 8.352926812724684 8.141179705761035
5.5 6.996496679473353 5.799328908016632 5.936035716995927
4.4 6.685794349618312 6.971560096857454 6.783968478160434
6.2 7.507067796881715 7.5 6.895390946502057
3.9 7.519866188384185 8.673482867232988 8.809327627101164
4.9 5.75 5.7 6.137787450171234
8.4 8.4796876299478 9.0 7.200000000000001
8.6 7.374155113519166 8.60566715108765 8.569054734420432
6.1 6.297141520616753 6.651811833732751 7.2
6.3 6.504937400259479 5.251055294025853 5.293799809265941
7.6 6.730051684984554 7.3 7.22386895475819
8.3 8.209744765957884 7.8 7.0
7.6 6.915218909880329 6.747638854905799 8.582984268860821
7.5 7.392026348803431 8.392486625430303 8.609955914768552
6.7 6.324103831748463 6.44333193100547 7.261634719601022
5.9 6.415062206861525 6.692935588373737 6.988565936920906
7.2 7.544421364750695 8.089886180551945 8.086913592878702
5.4 5.972856228708246 5.34169889530156 5.3667283770589504
6.5 7.814734362607804 6.8999999999999995 6.8999999999999995
6.2 7.8144859193015055 8.195495199263448 8.2
5.7 6.180849791061556 6.180280983442048 6.434081025406272
7.3 6.523869598418786 6.455181352731242 6.998174336899412
6.6 6.544938459197585 7.141215413999587 7.168004614791431
6.9 7.118336937436624 7.4 7.4
4.9 6.0169337771636355 6.901668400803349 6.258994632654239
5.9 6.69613446104996 5.6 5.3502158753376055
8.3 7.8809777241303625 7.028720626631854 7.033639143730887
7.2 7.457411218262137 6.796377892712685 5.7
5.3 6.73529022227663 7.959758506065455 7.959758506065455
9.4 8.018619791666666 8.771685857691173 8.931385227555335
7.3 8.168507690168354 7.9 7.3
6.6 8.479465792298088 7.370641990316699 8.049838848240592
4.7 6.630525450560156 6.841998373443603 7.271129707112971
8.6 7.792490567671727 8.7477967657533 8.749720057565154
6.5 7.114627987444724 7.226484991659722 7.523497524107375
8.4 7.5190911519633366 7.135220674284606 7.141607345973349
6.5 6.0 6.0 6.802921030536037
6.3 7.271394769742994 6.2 6.2
6.5 7.080885958201641 7.189859557703822 6.937033350896709
6.4 6.517302429327016 7.454250516221608 7.2
6.2 6.75 7.30953947368421 7.3
7.1 7.030641976054318 8.0 8.0
8.0 6.461468967718664 7.4979269304436 7.119214448092953
5.5 7.08265711017055 6.553651805808595 5.96397771427026
7.5 7.031546680124126 5.772297755371208 6.032214535068232
8.2 7.601366670460939 7.75900854627304 7.75900854627304
4.5 5.443537029848171 4.589364000509927 5.236016551724139
6.7 8.042041662257468 6.1 6.1
3.9 4.35 6.993092719352831 6.9
5.3 6.869721270941455 5.138636457677224 4.9651469865919795
7.1 7.9025312664422875 8.205456652319917 8.295977578367456
7.1 5.582609540979551 7.5 7.5
6.8 6.263428517725749 7.7650222824873705 7.031399798393016
4.5 5.592522952160143 4.870782396088019 4.816341829085458
4.9 5.893345141372418 5.484224872231686 7.595293835164176
8.0 7.049369220075166 7.842959741180797 7.652244687138909
7.0 7.00973399714212 7.497026022304833 7.799999999999999
4.8 7.4968863449563905 4.004379239162489 7.527428636907643
7.3 7.894248397936591 7.5 7.5
4.9 7.745844451509768 7.242125363626022 7.547003891813949
6.8 7.342919493215512 7.6 7.5952795301283444
5.6 5.8799236687054215 6.6 6.6
7.3 7.439088189193954 7.658995815899582 8.967348560484117
6.2 6.976324378000597 7.3 7.6
5.2 6.687714938454795 6.8 6.6689600899381665
6.4 7.354018194979266 5.700000000000001 6.063263157894737
5.8 6.536092057879781 7.679052319842054 7.490629465787484
7.7 7.811773487871914 8.197298033282904 8.37270558810588
6.7 6.599107875578063 6.1897640451044005 6.130427871009817
8.0 6.993264973016121 6.8999999999999995 6.8999999999999995
7.5 6.1 7.446026360433251 7.446026360433251
3.0 4.96431739469766 6.213362266318508 6.006648108444567
5.1 6.387606981005629 5.8 5.8
6.4 5.310204864650027 6.1 6.1
7.3 6.126323022454113 8.1 8.1
6.0 6.927307297019527 5.9 5.9
6.6 6.81014564823981 7.452813471123325 6.945319245230468
4.7 5.777251560930328 7.793023423164106 7.721142475295642
6.9 7.7494017980612835 6.615819456617002 6.2
7.0 7.267464849267892 7.146239532172007 7.300000000000001
8.6 7.555276684636673 8.9 8.9
6.1 5.160186754136042 7.252651790778424 6.8
5.7 7.224434389140271 8.3 8.19594245513754
6.6 7.422730091305867 6.903300294085612 6.8
4.4 6.049832775188648 6.432379987989967 6.511304140101155
7.1 6.755437126432053 6.318363160192057 6.2
8.2 7.0454422687373395 6.5 6.4
5.2 5.704088961434798 6.607820368321459 6.999710461006242
5.1 6.951946739066884 6.3207714221992175 5.903449065845084
7.5 7.842429451730011 8.087960045374338 8.087960045374338
6.2 8.387191504478093 8.631388973038472 8.631388973038472
7.4 7.812648408330915 7.981634966620481 7.51554524361949
7.5 7.9191620802365605 7.864853974925721 7.864853974925721
7.5 6.5 8.941075399231858 9.0
8.3 6.910126219162363 6.993101379724055 8.58223005182886
5.6 7.357177400980457 7.015457746478874 7.900000000000001
7.1 6.816603124911767 7.620570365702188 6.758526461664727
4.1 6.296923569644493 7.211134130348012 6.849831051831052
7.0 6.684236914707947 4.959824064773384 6.7
6.8 6.876816630548014 7.397768841613698 7.5
9.0 8.55611781770541 8.58888402944821 8.14578136463683
6.0 6.382800355318677 7.0 7.0
5.6 7.097288108020173 8.245016700248689 8.1
6.6 6.699999999999999 6.635685147413313 7.324158107057595
5.6 7.838544337427008 6.3 8.578030601628441
6.1 7.187146679371873 7.315682062298603 7.6
6.4 6.5092229397934585 7.2 7.548033205362707
7.2 6.116598360655738 6.958150960250112 6.958150960250112
7.3 7.667276408782788 7.183977379830349 8.176043068640647
7.9 7.373978910036318 7.229618847742198 7.5
8.8 8.672979313286415 8.8 8.247626747836012
6.8 7.292530408238521 6.956376458182298 6.9543364125739355
7.0 7.1212231739424094 7.875665399239544 7.875665399239544
7.5 6.863341805021051 6.6287323729309096 6.733616952864557
6.8 7.9455492817971916 7.996866501963989 7.996866501963989
3.4 5.2373118910393295 7.3 7.3
7.1 8.184916796278268 7.30084903321765 7.30084903321765
6.7 6.836130190796858 7.357370393504061 6.1
6.9 7.7772997640451855 7.635644820295983 9.0
7.6 7.372737127371273 7.154813137032844 7.154813137032844
6.3 5.440038943122086 6.067838947420487 5.762120022434099
7.7 8.148144185648777 5.8 6.1483633387888705
6.6 6.203391068281763 5.8 6.218165024630543
6.9 7.28248168471238 7.7 7.7
8.2 8.059157682708625 8.73711560251917 8.0
8.0 8.075830029985973 7.11286307053942 6.7
7.3 7.237420472537321 7.352789005658852 7.33617354939885
3.7 5.216368702118167 5.772303980699639 5.031944021654175
8.2 6.872048435271784 7.855401622404526 6.437447284147872
5.8 6.338859411092745 7.198351996910856 6.962123464341131
7.4 6.958953653652916 6.455465037338764 6.6
6.7 7.685098709118713 7.864623696617227 8.135570973054415
6.2 8.071030278247616 6.979992192074956 6.9
7.3 5.138394998138424 6.9491102206615265 7.164286923545744
7.3 7.654690772175203 7.683478066248881 7.5
6.5 7.776377859229392 7.0 7.0
6.4 8.1 6.921514252547401 8.13080372542256
6.8 6.803822846786563 7.407056667062455 6.905840983890525
6.8 6.589074932585319 6.9601901490828535 6.707311360949998
6.7 5.432227460319597 5.886772425969359 8.2
7.4 7.401568911416847 7.481222286485445 6.847140864714086
6.4 6.829217144888315 8.2 8.2
5.6 6.148243792468405 6.3431845624245335 5.7
5.7 5.558983957219251 7.119214448092953 7.694538844785107
7.2 7.255109062187113 6.5 6.1
5.2 7.430197176095704 6.732934805197981 6.732934805197981
7.3 7.611110259719544 7.744135043157978 7.556020280861137
7.8 7.639089398760927 8.2 8.2
7.4 7.410377358490566 6.8 6.8
5.6 6.638968118618696 7.576759530791789 6.607515950875253
7.2 7.544701513853184 8.54002718827883 8.008271236959763
7.1 7.197968114797679 8.207935247620966 7.951268151016458
7.5 7.999208175857644 7.970870154875545 7.970870154875545
3.3 4.775358658455702 5.277912720840434 5.0
8.5 8.185326866561974 8.322640459810026 8.061311727342916
7.4 7.67959792309696 7.851002834861351 7.524743015738858
7.9 7.625225837488557 6.020820820820822 6.5
7.1 7.346710299288733 7.297007018131442 7.752867400670178
7.4 7.940814784501439 8.15671818480763 7.3
3.6 6.250367804075003 6.44220640569395 5.1
7.6 7.15 7.599445005521628 7.6
7.7 8.715372016575227 8.6 8.6
7.6 7.144420741116457 7.859087102177554 7.8577527899898545
5.7 7.037910850269189 4.903173949552691 4.395110351732544
5.1 6.684418740279938 6.8 6.8
5.6 6.809356394219325 7.098033533151558 7.104933493196431
7.0 7.970012049060358 7.792560574698648 7.792560574698648
6.5 7.836533152980952 7.850614035087719 8.4
7.7 8.088285765418972 7.892645893571024 7.898384854444727
6.4 6.8693485605170395 7.0 7.2
6.9 7.222802590336864 7.089756293031219 7.089756293031219
7.5 8.116738827578967 8.24902742394725 8.431814489614359
8.5 7.8498819997028235 7.629270287958115 7.299999999999999
6.5 7.242303625320807 7.035294661855861 5.9092973436161085
7.4 7.746326743498145 7.333600000000001 7.333600000000001
8.3 7.33910163090694 8.017581894794073 8.2
5.5 7.458745748185449 6.160534998821588 6.599999999999999
7.0 6.346263912144226 7.715550519357885 7.9
7.0 7.504065261642122 6.6 7.05391191600948
7.6 8.106761955974854 8.095603942005056 8.095603942005056
4.0 5.312455102869347 4.98840036096476 4.846879420585074
6.4 7.8672571551067385 7.9 7.9
5.0 4.087194887564866 5.659131225835797 5.659131225835797
8.8 6.891792931572658 7.372889278293337 7.281159148105023
5.9 7.8791801964403465 6.7 7.602007248396989
8.2 7.656956664678631 7.980225711481845 7.9923085390351964
6.6 7.195188565293249 7.2 7.177653395289893
5.3 6.72326632141666 7.2 7.2
7.7 7.903117982183919 8.38040770717096 8.458571643136077
7.5 7.056825438838143 7.801901312811228 7.801901312811228
8.0 8.120005918910921 8.289541223404257 8.3
8.6 8.730965114865686 8.8 8.916581966022942
7.8 7.240728389788744 5.5 5.5
7.2 8.138925363135245 7.759836529070066 7.761448022540529
6.5 7.3 7.3 7.3
6.5 7.051693792613112 6.46311274509804 6.143914081145584
4.5 5.798635447378537 7.013107421840034 6.776578617904814
8.5 7.444125631759849 8.294301242985096 7.73957580836247
6.2 7.306182352166272 8.107620844166219 8.032543242985648
5.9 6.6793922316520815 6.396372306392227 8.3
4.9 6.409835121691081 6.057181606903561 6.6234318143882485
6.6 7.535516324864785 7.8586748979523 6.4
6.3 7.103405851398255 6.5164227642276416 6.0
6.2 7.748911056368046 6.9 7.6
8.5 7.7830979781994145 8.298704233681477 8.3
7.3 6.747205864198561 7.704954340596598 8.289704103259139
6.2 7.8894429183815955 7.530778371954842 7.854145656475394
6.4 6.530527721745104 8.219769064839488 6.464803149606299
7.5 7.4 7.200000000000001 6.55122842639594
7.8 7.612839495653002 7.420594683275985 7.0
8.4 7.786372340745212 8.032514658701185 8.032514658701185
7.3 7.667539084486661 7.214593869336361 7.051669017395393
8.0 7.352735659302301 7.846167409943501 7.681279644327507
7.3 6.794946300283133 8.22230783687277 8.22230783687277
5.7 8.232954874755201 8.513517475562573 8.62350489920036
6.4 8.047253472001502 8.091642780365461 8.091642780365461
3.9 4.1 4.1 4.1
5.8 8.057297987351228 7.8 7.8
6.5 6.9194965515601305 6.597927029992685 7.149002010916403
6.2 7.54304533996292 8.632807372010731 6.697911025145067
7.5 7.7369391649949275 6.5 6.7724527254218465
5.7 7.193668491057693 6.143849613239791 7.445257359270098
8.6 8.216325790542502 8.5 8.5
6.5 7.919085088127764 6.804148176731622 6.804148176731622
6.4 7.13442541318919 7.335267764307578 6.520640176600441
6.6 7.326938100445536 7.532322732056527 7.406679302006404
8.3 7.97676543324962 9.040888972227075 8.7
8.0 7.683338712601634 5.9 5.9
7.1 8.0 6.514432460195172 6.0
6.2 6.950000000000001 7.163368983957219 5.062427184466021
7.1 6.707894804219439 7.040474317185568 6.971200535840997
